Location_01
134
148
169
98
70
147
201
88
100
155
22
146
16
186
123
194
35
205
66
213
Location_02
117
162
207
25
192
150
240
52
72
208
58
119
20
209
120
69
86
143
211
35
Location_03
213
172
141
208
153
42
22
92
165
157
193
185
191
40
106
184
135
159
226
99
Location_04
101
112
184
237
127
124
171
250
77
227
16
205
45
130
176
143
222
98
133
43
Location_05
88
244
88
109
122
183
71
77
38
40
223
22
26
109
60
150
222
60
179
15
Location_06
131
222
104
160
95
52
24
32
178
26
17
205
172
133
192
22
169
82
223
203
Location_07
81
201
101
242
211
142
235
51
112
75
154
75
47
166
179
71
106
89
249
250
Location_08
174
95
157
93
161
119
226
199
229
92
138
187
19
52
67
111
197
99
238
24
Location_09
150
187
136
201
83
222
250
146
103
175
227
29
140
96
228
206
129
105
174
169
Location_10
242
106
92
203
176
65
55
229
121
42
33
181
142
149
98
118
178
144
145
221
Location_11
205
99
15
79
94
86
151
192
247
105
42
68
81
181
100
46
73
207
54
240
Location_12
179
66
204
248
21
44
74
230
103
167
73
163
87
83
202
165
73
181
67
72
