-1.5
-3.8
 2.9
 9.7
16.9
19.7
24.4
24.4
20.2
10.4
 4.9
 0.3
-4.8
 1.1
 4.6
13.2
15.6
21.4
22.4
21.6
17.1
10.9
 5.2
-0.5
-5.7
-1.3
 5.0
 8.3
19.6
19.1
23.9
21.0
17.8
13.7
 7.7
 5.0
-0.9
 1.4
 6.6
 9.4
14.5
21.1
25.1
24.9
19.8
12.8
 7.0
-3.7
-4.5
 3.3
 0.5
10.3
14.5
23.1
22.1
23.0
17.6
15.5
 5.1
 4.5
-5.4
-3.0
 6.8
13.8
17.3
19.7
22.9
22.1
19.5
14.4
 9.3
-3.3
-1.1
 0.4
 5.8
12.5
17.9
21.4
24.3
21.7
20.7
13.5
 5.2
 0.7
-1.2
 1.6
 6.8
11.2
18.9
22.6
24.8
23.5
19.4
 9.5
 8.7
 2.1
-3.1
-1.5
 4.6
10.2
17.0
20.9
25.3
24.1
18.4
 8.6
 6.6
-0.2
 2.6
-1.8
 5.6
 9.0
14.0
20.4
23.3
21.8
18.4
12.3
 5.4
-7.0
